     1        0   129600   0.000
     2    20038   129600   0.020
     3    40075   129600   0.040
     4    60112   129600   0.060
     5    80149   129600   0.080
     6   100186   129600   0.100
     7   120223   129600   0.120
     8   140260   130601   0.140
     9   160297   130601   0.160
    10   180334   130601   0.180
    11   200371   130601   0.200
    12   220408   130601   0.220
    13   240445   130601   0.240
    14   260482   132409   0.260
    15   280519   132409   0.280
    16   300556   132409   0.300
    17   320593   132409   0.320
    18   340630   132409   0.340
    19   360667   132409   0.360
    20   380704   134970   0.380
    21   400741   134970   0.400
    22   420778   134970   0.420
    23   440815   134970   0.440
    24   460852   134970   0.460
    25   480889   134970   0.480
    26   500926   137328   0.500
    27   520963   137328   0.520
    28   541000   137328   0.540
    29   561037   137328   0.560
    30   581074   137328   0.580
    31   601111   137328   0.600
    32   621148   137328   0.620
    33   641185   139734   0.640
    34   661222   139734   0.660
    35   681259   139734   0.680
    36   701296   139734   0.700
    37   721333   139734   0.720
    38   741370   139734   0.740
    39   761407   141747   0.760
    40   781444   141747   0.780
    41   801481   141747   0.800
    42   821518   141747   0.820
    43   841555   141747   0.840
    44   861592   141747   0.860
    45   881629   144845   0.880
    46   901666   144845   0.900
    47   921703   144845   0.920
    48   941740   144845   0.940
    49   961777   144845   0.960
    50   981814   144845   0.980
    51  1001851   147571   1.000
    52  1021888   147571   1.020
    53  1041925   147571   1.040
    54  1061962   147571   1.060
    55  1081999   147571   1.080
    56  1102036   147571   1.100
    57  1122073   147571   1.120
    58  1142110   150468   1.140
    59  1162147   150468   1.160
    60  1182184   150468   1.180
    61  1202221   150468   1.200
    62  1222258   150468   1.220
    63  1242295   150468   1.240
    64  1262332   153351   1.260
    65  1282369   153351   1.280
    66  1302406   153351   1.300
    67  1322443   153351   1.320
    68  1342480   153351   1.340
    69  1362517   153351   1.360
    70  1382554   155996   1.380
    71  1402591   155996   1.400
    72  1422628   155996   1.420
    73  1442665   155996   1.440
    74  1462702   155996   1.460
    75  1482739   155996   1.480
    76  1502776   158949   1.500
    77  1522813   158949   1.520
    78  1542850   158949   1.540
    79  1562887   158949   1.560
    80  1582924   158949   1.580
    81  1602961   158949   1.600
    82  1622998   162060   1.620
    83  1643035   162060   1.640
    84  1663072   162060   1.660
    85  1683109   162060   1.680
    86  1703146   164141   1.700
    87  1723183   164141   1.720
    88  1743220   164141   1.740
    89  1763257   164141   1.760
    90  1783294   164141   1.780
    91  1803331   166529   1.800
    92  1823368   166529   1.820
    93  1843405   166529   1.840
    94  1863442   166529   1.860
    95  1883479   166529   1.880
    96  1903516   166529   1.900
    97  1923553   169514   1.920
    98  1943590   169514   1.940
    99  1963627   169514   1.960
   100  1983664   169514   1.980
   101  2003701   171666   2.000
   102  2023738   171666   2.020
   103  2043775   171666   2.040
   104  2063812   173760   2.060
   105  2083849   173760   2.080
   106  2103886   173760   2.100
   107  2123923   173760   2.120
   108  2143960   173760   2.140
   109  2163997   176088   2.160
   110  2184034   176088   2.180
   111  2204071   176088   2.200
   112  2224108   176088   2.220
   113  2244145   176088   2.240
   114  2264182   176088   2.260
   115  2284219   179079   2.280
   116  2304256   179079   2.300
   117  2324293   179079   2.320
   118  2344330   179079   2.340
   119  2364367   179079   2.360
   120  2384404   179079   2.380
   121  2404441   182068   2.400
   122  2424478   182068   2.420
   123  2444515   182068   2.440
   124  2464552   182068   2.460
   125  2484589   182068   2.480
   126  2504626   182068   2.500
   127  2524663   185273   2.520
   128  2544700   185273   2.540
   129  2564737   185273   2.560
   130  2584774   185273   2.580
   131  2604811   185273   2.600
   132  2624848   188056   2.620
   133  2644885   188056   2.640
   134  2664922   189591   2.660
   135  2684959   189591   2.680
   136  2704996   189591   2.700
   137  2725033   189591   2.720
   138  2745070   191717   2.740
   139  2765107   191717   2.760
   140  2785144   191717   2.780
   141  2805181   191717   2.800
   142  2825218   193984   2.820
